D 2
F 2
M 2
S 2
sd
74.437346 82.248175 
sf
18.352073 56.633729 
sm
87.851822 84.623222 
ss
84.664303 34.574498 
cd
997.187623 932.624804 128.996323 999.041475 
cf
236.852887 397.184145 388.522830 670.076294 
cm
935.603534 846.464607 313.960240 525.023615 
ud
44.901836 23.728145 
uf
53.906977 91.482240 
um
46.263276 43.639158 
p
93.973652 78.060534 
xdminmax
2.962160 20.589394 83.526402 59.877545 29.653276 14.481482 83.582705 57.106007 
xfminmax
39.165724 33.031786 70.626942 64.924765 1.708566 22.306725 81.201499 61.106227 
xmminmax
3.668209 5.974524 73.461926 76.239969 4.808613 4.181150 95.168509 95.843067 
